cnf 36 72
10 11 12 0
-10 -11 0
-10 -12 0
-11 -12 0
10 13 16 0
-10 -13 0
-10 -16 0
-13 -16 0
13 14 15 0
-13 -14 0
-13 -15 0
-14 -15 0
11 14 17 0
-11 -14 0
-11 -17 0
-14 -17 0
16 17 18 0
-16 -17 0
-16 -18 0
-17 -18 0
12 15 18 0
-12 -15 0
-12 -18 0
-15 -18 0
19 20 21 0
-19 -20 0
-19 -21 0
-20 -21 0
19 22 25 0
-19 -22 0
-19 -25 0
-22 -25 0
22 23 24 0
-22 -23 0
-22 -24 0
-23 -24 0
20 23 26 0
-20 -23 0
-20 -26 0
-23 -26 0
25 26 27 0
-25 -26 0
-25 -27 0
-26 -27 0
21 24 27 0
-21 -24 0
-21 -27 0
-24 -27 0
28 29 30 0
-28 -29 0
-28 -30 0
-29 -30 0
28 31 34 0
-28 -31 0
-28 -34 0
-31 -34 0
31 32 33 0
-31 -32 0
-31 -33 0
-32 -33 0
29 32 35 0
-29 -32 0
-29 -35 0
-32 -35 0
34 35 36 0
-34 -35 0
-34 -36 0
-35 -36 0
30 33 36 0
-30 -33 0
-30 -36 0
-33 -36 0
